FRAMES = 10
HIGH = 3.59915
LOW = 3.16216
AVG = 3.401
